year stem                   set        ref |         baseline |           energy |            fixed |             auto   (hyp words, WER)
5778 176 17-Sivan           low        795 |        652 0.216 |        797 0.031 |        796 0.044 |        792 0.049
5778 186 1-Tamuz            low       1876 |       1611 0.246 |       1829 0.127 |       1866 0.107 |       1806 0.159
5779 018 5-Cheshvan         low       1248 |        756 0.443 |       1250 0.115 |       1259 0.136 |       1279 0.151
5779 082 4-Shvat            low       1298 |        708 0.548 |       1179 0.206 |       1209 0.199 |       1096 0.296
5779 260 19-Elul            low        797 |        783 0.078 |        865 0.167 |        869 0.173 |        783 0.078
5780 084 8-Shvat            low        983 |        846 0.271 |        931 0.314 |        875 0.303 |        850 0.269
5780 138 28-Nisan           low       1187 |       1178 0.067 |       1184 0.084 |       1194 0.088 |       1178 0.067
5780 184 3-Tamuz            low       1515 |       1400 0.139 |       1502 0.093 |       1490 0.071 |       1463 0.108
5780 242 26-Elul            low       1194 |       1196 0.072 |       1266 0.108 |       1274 0.125 |       1196 0.072
5781 098 22-Shvat           low       1189 |       1185 0.076 |       1206 0.092 |       1211 0.103 |       1185 0.076
5781 158 20-Iyar            low       1307 |       1099 0.196 |       1299 0.055 |       1295 0.062 |       1275 0.076
5781 175 16-Sivan           low       1119 |        803 0.357 |       1126 0.105 |       1112 0.108 |       1087 0.144
5781 203 26-Tamuz           low       1113 |       1012 0.239 |       1128 0.164 |       1120 0.161 |       1100 0.172
5778 001 4-Tishrei          control   1205 |       1233 0.117 |       1230 0.120 |       1232 0.123 |       1233 0.117
5778 109 10-Adar            control   1311 |       1311 0.087 |       1308 0.087 |       1315 0.088 |       1311 0.087
5778 209 5-Av               control   1371 |       1364 0.080 |       1372 0.083 |       1373 0.090 |       1364 0.080
5779 064 9-Teiveis          control   1178 |       1181 0.024 |       1182 0.025 |       1192 0.038 |       1181 0.024
5779 172 14-Iyar            control   1292 |       1311 0.037 |       1314 0.043 |       1303 0.040 |       1311 0.037
5780 013 28-Tishrei         control   1190 |       1185 0.033 |       1190 0.039 |       1189 0.033 |       1185 0.033
5780 111 15-Adar            control   1736 |       1720 0.196 |       1737 0.191 |       1748 0.188 |       1720 0.196
5780 198 23-Tamuz           control   1584 |       1559 0.160 |       1574 0.183 |       1581 0.177 |       1559 0.160
5781 054 20-Kisleiv         control    951 |        956 0.077 |        961 0.079 |        969 0.075 |        956 0.077
5781 152 10-Iyar            control   1142 |       1137 0.080 |       1138 0.074 |       1141 0.072 |       1137 0.080

low      aggregate WER: baseline 0.2314  energy 0.1260  fixed 0.1257  auto 0.1350   (15621 ref words)
control  aggregate WER: baseline 0.0955  energy 0.0991  fixed 0.0989  auto 0.0955   (12960 ref words)
